Sramp_data
time: 
0.265937
0.279904
0.292511
0.304056
0.31474
0.324712
0.33408
0.34293
0.35133
0.359332
0.366982
0.374317
0.381366
0.388158
0.394714
0.401054
0.407195
0.413153
0.418939
0.424567
0.430047
0.435388
0.440599
0.445687
0.45066
0.455524
0.460284
0.464946
0.469516
0.473997
0.478393
0.482709
0.486948
0.491114
0.495209
0.499237
0.503201
0.507102
0.510943
0.514726
0.518455
0.522129
0.525753
0.529326
0.532852
0.536331
0.539765
0.543155
0.546503
0.54981
0.553078
0.556307
0.559499
0.562654
0.565774
0.56886
0.571913
0.574933
0.577921
0.580878
0.583806
0.586704
0.589574
0.592415
0.59523
0.598018
0.60078
0.603516
0.606228
0.608916
0.61158
0.614221
0.616839
0.619435
0.62201
0.624563
0.627095
0.629607
0.632099
0.634571
0.637024
0.639458
0.641874
0.644271
0.646651
0.649014
0.651359
0.653689
0.656002
0.6583
0.660582
0.66285
0.665103
0.667342
0.669567
0.671778
0.673976
0.676161
0.678333
0.680493
0.682641
0.684776
0.6869
0.689012
0.691113
0.693203
0.695283
0.697351
0.699409
0.701457
0.703495
0.705523
0.707541
0.709549
0.711549
0.713539
0.71552
0.717492
0.719455
0.72141
0.723356
0.725294
0.727224
0.729146
0.73106
0.732966
0.734864
0.736755
0.738638
0.740514
0.742383
0.744245
0.746099
0.747947
0.749788
0.751622
0.75345
0.755271
0.757086
0.758894
0.760696
0.762492
0.764282
0.766066
0.767843
0.769616
0.771382
0.773142
0.774897
0.776647
0.778391
0.780129
0.781863
0.783591
0.785313
0.787031
0.788743
0.790451
0.792154
0.793851
0.795544
0.797232
0.798916
0.800595
0.802269
0.803938
0.805603
0.807264
0.80892
0.810572
0.81222
0.813863
0.815502
0.817137
0.818768
0.820395
0.822017
0.823636
0.825251
0.826862
0.828469
0.830072
0.831672
0.833268
0.83486
0.836448
0.838033
0.839614
0.841192
0.842766
0.844337
0.845904
0.847468
0.849029
0.850586
0.85214
0.853691
0.855238
0.856782
0.858323
0.859861
0.861396
0.862928
0.864456
0.865982
0.867505
0.869024
0.870541
0.872055
0.873566
0.875074
0.876579
0.878082
0.879582
0.881079
0.882573
0.884064
0.885553
0.88704
0.888523
0.890004
0.891483
0.892958
0.894432
0.895903
0.897371
0.898837
0.9003
0.901761
0.90322
0.904676
0.90613
0.907581
0.909031
0.910478
0.911922
0.913365
0.914805
0.916243
0.917678
0.919112
0.920543
0.921972
0.923399
0.924824
0.926247
0.927668
0.929087
0.930503
0.931918
0.933331
0.934741
0.93615
0.937557
0.938962
0.940364
0.941765
0.943164
0.944562
0.945957
0.94735
0.948742
0.950132
0.95152
0.952906
0.95429
0.955673
0.957054
0.958433
0.959811
0.961186
0.96256
0.963933
0.965303
0.966673
0.96804
0.969406
0.97077
0.972132
0.973493
0.974853
0.976211
0.977567
0.978922
0.980275
0.981627
0.982977
0.984326
0.985673
0.987019
0.988363
0.989706
0.991047
0.992387
0.993726
0.995063
0.996399
0.997733
0.999066
1.0004
1.00173
1.00306
1.00438
1.00571
1.00704
1.00836
1.00968
1.011
1.01232
1.01364
1.01496
1.01628
1.01759
1.0189
1.02022
1.02153
1.02284
1.02415
1.02545
1.02676
1.02807
1.02937
1.03067
1.03198
1.03328
1.03458
1.03588
1.03717
1.03847
1.03977
1.04106
1.04235
1.04365
1.04494
1.04623
1.04752
1.0488
1.05009
1.05138
1.05266
1.05395
1.05523
1.05651
1.05779
1.05907
1.06035
1.06163
1.06291
1.06419
1.06546
1.06674
1.06801
1.06928
1.07055
1.07183
1.0731
1.07436
1.07563
1.0769
1.07817
1.07943
1.0807
1.08196
1.08323
1.08449
1.08575
1.08701
1.08827
1.08953
1.09079
1.09205
1.09331
1.09456
1.09582
1.09707
1.09833
1.09958
1.10083
1.10208
1.10334
1.10459
1.10584
1.10709
1.10833
1.10958
1.11083
1.11208
1.11332
1.11457
1.11581
1.11705
1.1183
1.11954
1.12078
1.12202
1.12326
1.1245
1.12574
1.12698
1.12822
1.12946
1.13069
1.13193
1.13317
1.1344
1.13564
1.13687
1.1381
1.13934
1.14057
1.1418
1.14303
1.14426
1.14549
1.14672
1.14795
1.14918
1.15041
1.15164
1.15287
1.15409
1.15532
1.15654
1.15777
1.15899
1.16022
1.16144
1.16267
1.16389
1.16511
1.16633
1.16756
1.16878
1.17
1.17122
1.17244
1.17366
1.17488
1.1761
1.17732
1.17853
1.17975
1.18097
1.18219
1.1834
1.18462
1.18584
1.18705
1.18827
1.18948
1.1907
1.19191
1.19312
1.19434
1.19555
1.19676
1.19798
1.19919
1.2004
1.20161
1.20282
1.20404
1.20525
1.20646
1.20767
1.20888
1.21009
1.2113
1.21251
1.21371
1.21492
1.21613
1.21734
1.21855
1.21976
1.22096
1.22217
1.22338
1.22459
1.22579
1.227
1.22821
1.22941
1.23062
1.23182
1.23303
1.23423
1.23544
1.23664
1.23785
1.23905
1.24026
1.24146
1.24267
1.24387
1.24508
1.24628
1.24748
1.24869
1.24989
1.25109
1.2523
1.2535
1.2547
1.25591
1.25711
1.25831
1.25952
1.26072
1.26192
1.26312
1.26433
1.26553
1.26673
1.26793
1.26913
1.27034
1.27154
1.27274
1.27394
1.27515
1.27635
1.27755
1.27875
1.27995
1.28116
1.28236

Delays: 
194712
13966.9
12607.8
11544.4
10684.4
9971.33
9368.33
8850.28
8399.36
8002.55
7650.07
7334.45
7049.84
6791.61
6556.02
6340.04
6141.18
5957.33
5786.77
5628.01
5479.79
5341.03
5210.8
5088.27
4972.75
4863.62
4760.31
4662.36
4569.32
4480.82
4396.5
4316.06
4239.23
4165.74
4095.37
4027.91
3963.18
3900.99
3841.21
3783.67
3728.25
3674.82
3623.27
3573.51
3525.42
3478.92
3433.94
3390.38
3348.19
3307.29
3267.62
3229.12
3191.75
3155.43
3120.14
3085.82
3052.43
3019.94
2988.3
2957.47
2927.43
2898.15
2869.59
2841.72
2814.52
2787.97
2762.04
2736.7
2711.94
2687.73
2664.05
2640.89
2618.23
2596.05
2574.34
2553.07
2532.24
2511.83
2491.83
2472.22
2453
2434.14
2415.65
2397.51
2379.81
2362.56
2345.75
2329.35
2313.35
2297.74
2282.49
2267.6
2253.04
2238.82
2224.92
2211.32
2198.01
2184.99
2172.25
2159.77
2147.54
2135.57
2123.83
2112.33
2101.05
2089.99
2079.15
2068.51
2058.06
2047.81
2037.75
2027.87
2018.16
2008.63
1999.26
1990.06
1981.01
1972.12
1963.37
1954.77
1946.32
1938
1929.81
1921.76
1913.83
1906.03
1898.35
1890.79
1883.34
1876.01
1868.78
1861.67
1854.65
1847.75
1840.94
1834.23
1827.61
1821.09
1814.66
1808.32
1802.07
1795.9
1789.82
1783.81
1777.89
1772.05
1766.29
1760.6
1754.98
1749.44
1743.97
1738.57
1733.23
1727.97
1722.77
1717.63
1712.56
1707.55
1702.6
1697.71
1692.88
1688.1
1683.38
1678.72
1674.12
1669.56
1665.06
1660.61
1656.21
1651.87
1647.57
1643.32
1639.11
1634.96
1630.84
1626.78
1622.76
1618.78
1614.85
1610.95
1607.1
1603.29
1599.52
1595.79
1592.1
1588.45
1584.84
1581.26
1577.72
1574.21
1570.75
1567.31
1563.91
1560.55
1557.22
1553.92
1550.66
1547.42
1544.22
1541.05
1537.91
1534.8
1531.72
1528.68
1525.66
1522.66
1519.7
1516.77
1513.86
1510.98
1508.13
1505.3
1502.5
1499.73
1496.98
1494.25
1491.55
1488.88
1486.23
1483.6
1481
1478.42
1475.87
1473.33
1470.82
1468.34
1465.87
1463.42
1461
1458.6
1456.22
1453.86
1451.52
1449.2
1446.9
1444.62
1442.36
1440.12
1437.9
1435.69
1433.51
1431.34
1429.2
1427.07
1424.95
1422.86
1420.78
1418.73
1416.68
1414.66
1412.65
1410.66
1408.68
1406.72
1404.78
1402.85
1400.94
1399.05
1397.17
1395.3
1393.45
1391.62
1389.8
1387.99
1386.2
1384.42
1382.66
1380.91
1379.18
1377.46
1375.75
1374.06
1372.38
1370.71
1369.06
1367.42
1365.79
1364.18
1362.58
1360.99
1359.41
1357.84
1356.29
1354.75
1353.23
1351.71
1350.21
1348.71
1347.23
1345.76
1344.31
1342.86
1341.42
1340
1338.59
1337.19
1335.79
1334.41
1333.04
1331.69
1330.34
1329
1327.67
1326.35
1325.05
1323.75
1322.46
1321.18
1319.92
1318.66
1317.41
1316.17
1314.94
1313.72
1312.51
1311.31
1310.12
1308.94
1307.77
1306.6
1305.45
1304.3
1303.17
1302.04
1300.92
1299.81
1298.7
1297.61
1296.52
1295.45
1294.38
1293.32
1292.27
1291.22
1290.19
1289.16
1288.14
1287.13
1286.13
1285.13
1284.14
1283.16
1282.19
1281.23
1280.27
1279.32
1278.38
1277.44
1276.52
1275.6
1274.68
1273.78
1272.88
1271.99
1271.11
1270.23
1269.36
1268.5
1267.65
1266.8
1265.96
1265.12
1264.29
1263.47
1262.66
1261.85
1261.05
1260.26
1259.47
1258.69
1257.91
1257.15
1256.39
1255.63
1254.88
1254.14
1253.4
1252.67
1251.95
1251.23
1250.52
1249.82
1249.12
1248.43
1247.74
1247.06
1246.39
1245.72
1245.05
1244.4
1243.75
1243.1
1242.46
1241.83
1241.2
1240.58
1239.97
1239.35
1238.75
1238.15
1237.56
1236.97
1236.39
1235.81
1235.24
1234.68
1234.12
1233.56
1233.01
1232.47
1231.93
1231.4
1230.87
1230.35
1229.83
1229.32
1228.81
1228.31
1227.81
1227.32
1226.84
1226.36
1225.88
1225.41
1224.95
1224.49
1224.03
1223.58
1223.14
1222.7
1222.26
1221.83
1221.41
1220.99
1220.57
1220.16
1219.76
1219.35
1218.96
1218.57
1218.18
1217.8
1217.43
1217.05
1216.69
1216.33
1215.97
1215.62
1215.27
1214.93
1214.59
1214.25
1213.93
1213.6
1213.28
1212.97
1212.66
1212.35
1212.05
1211.75
1211.46
1211.17
1210.89
1210.61
1210.34
1210.07
1209.81
1209.55
1209.29
1209.04
1208.79
1208.55
1208.31
1208.08
1207.85
1207.63
1207.41
1207.19
1206.98
1206.77
1206.57
1206.37
1206.18
1205.99
1205.8
1205.62
1205.45
1205.28
1205.11
1204.95
1204.79
1204.63
1204.48
1204.34
1204.2
1204.06
1203.93
1203.8
1203.67
1203.55
1203.44
1203.33
1203.22
1203.12
1203.02
1202.92
1202.83
1202.75
1202.67
1202.59
1202.52
1202.45
1202.38
1202.32
1202.27
1202.21
1202.17
1202.12
1202.08
1202.05
1202.02
1201.99
1201.97
1201.95
1201.94
1201.93
1201.92

